22
21322314
21322315
21322316
21322317
21322318
21322319
31123314
31123315
31123316
31123317
31123318
31123319
31331415
31331416
31331417
31331418
31331419
31331516
31331517
31331518
31331519
31331617
31331618
31331619
31331718
31331719
31331819
3122331415
3122331416
3122331417
3122331418
3122331419
3122331516
3122331517
3122331518
3122331519
3122331617
3122331618
3122331619
3122331718
3122331719
3122331819
41322324151617
41322324151618
41322324151619
41322324151718
41322324151719
41322324151819
41322324161718
41322324161719
41322324161819
41322324171819
5132231425161718
5132231425161719
5132231425161819
5132231425171819
5132232516171819
613223141526171819